(162, 817, 812), (425, 690, 689): 316.90219311326956
(162, 817, 812), (431, 825, 988): 321.560258738545
(906, 360, 560), (805, 96, 715): 322.36935338211043
(431, 825, 988), (425, 690, 689): 328.11888089532425
(862, 61, 35), (984, 92, 344): 333.6555109690233
(52, 470, 668), (117, 168, 530): 338.33858780813046
(819, 987, 18), (941, 993, 340): 344.3893145845266
(906, 360, 560), (739, 650, 466): 347.59890678769403
(346, 949, 466), (425, 690, 689): 350.786259708102
(906, 360, 560), (984, 92, 344): 352.936254867646
(592, 479, 940), (425, 690, 689): 367.9823365326113
(352, 342, 300), (542, 29, 236): 371.70552861102294
(352, 342, 300), (117, 168, 530): 372.02284876066415
(352, 342, 300), (466, 668, 158): 373.41130138226936
(542, 29, 236), (862, 61, 35): 379.242666376029
(592, 479, 940), (431, 825, 988): 384.6309919910251
(739, 650, 466), (425, 690, 689): 387.2014979309868
(162, 817, 812), (52, 470, 668): 391.46519640959144
(819, 987, 18), (970, 615, 88): 407.53527454687895
(805, 96, 715), (984, 92, 344): 411.9441709746601
(466, 668, 158), (739, 650, 466): 411.96723170660067
(162, 817, 812), (346, 949, 466): 413.5166260260886
(739, 650, 466), (941, 993, 340): 417.52724462003675
(57, 618, 57), (466, 668, 158): 424.24285497813634
(52, 470, 668), (425, 690, 689): 433.55507147304826
(466, 668, 158), (346, 949, 466): 433.84905209070126
(739, 650, 466), (970, 615, 88): 444.3759669469086
(970, 615, 88), (941, 993, 340): 455.22412062631304
(216, 146, 977), (117, 168, 530): 458.360120429341
(542, 29, 236), (984, 92, 344): 459.34409760004536
(57, 618, 57), (352, 342, 300): 471.4339826529267
(52, 470, 668), (216, 146, 977): 476.8154779366962
(352, 342, 300), (52, 470, 668): 491.7397685768358
(592, 479, 940), (805, 96, 715): 492.62866339668057
(739, 650, 466), (346, 949, 466): 493.81170500505556
(466, 668, 158), (819, 987, 18): 495.95362686444787
(592, 479, 940), (216, 146, 977): 503.62088916167886
(906, 360, 560), (592, 479, 940): 507.10649769057386
(466, 668, 158), (970, 615, 88): 511.5906566777779
(352, 342, 300), (739, 650, 466): 521.7173564297051
(592, 479, 940), (739, 650, 466): 524.9057058177211
(352, 342, 300), (425, 690, 689): 527.0237186313344
(466, 668, 158), (425, 690, 689): 533.0347080631805
(542, 29, 236), (117, 168, 530): 535.1467088565527
(906, 360, 560), (970, 615, 88): 540.2823335997579
(431, 825, 988), (346, 949, 466): 543.2172677667749
(542, 29, 236), (805, 96, 715): 550.5442761486128
(162, 817, 812), (592, 479, 940): 561.7187908553532
(739, 650, 466), (819, 987, 18): 566.2799660945105
(970, 615, 88), (862, 61, 35): 566.9118097199952
(970, 615, 88), (984, 92, 344): 582.4611575032278
(906, 360, 560), (542, 29, 236): 589.0950687282996
(52, 470, 668), (346, 949, 466): 597.2277622482063
(906, 360, 560), (425, 690, 689): 597.412755136681
(57, 618, 57), (346, 949, 466): 600.3024237832128
(466, 668, 158), (941, 993, 340): 603.633995066547
(592, 479, 940), (52, 470, 668): 604.7024061470237
(906, 360, 560), (862, 61, 35): 605.773885208004
(346, 949, 466), (941, 993, 340): 609.7843881241959
(431, 825, 988), (52, 470, 668): 609.9721305108948
(739, 650, 466), (805, 96, 715): 610.9607188682428
(906, 360, 560), (352, 342, 300): 612.2417823049975
(739, 650, 466), (984, 92, 344): 621.5086483710423
(117, 168, 530), (425, 690, 689): 626.6011490573569
(57, 618, 57), (52, 470, 668): 628.6891123599962
(352, 342, 300), (346, 949, 466): 629.3178846973921
(431, 825, 988), (739, 650, 466): 630.8510125219742
(352, 342, 300), (862, 61, 35): 639.7546404677344
(216, 146, 977), (805, 96, 715): 646.5794614739939
(466, 668, 158), (542, 29, 236): 648.2136993307068
(216, 146, 977), (425, 690, 689): 650.0469213833721
(819, 987, 18), (346, 949, 466): 652.5925221759746
(57, 618, 57), (117, 168, 530): 655.6134531871658
(352, 342, 300), (805, 96, 715): 661.7779083650345
(906, 360, 560), (466, 668, 158): 670.8710755428349
(906, 360, 560), (941, 993, 340): 671.0543942185313
(352, 342, 300), (984, 92, 344): 681.0726833459113
(805, 96, 715), (862, 61, 35): 683.2817866736973
(466, 668, 158), (52, 470, 668): 686.0757975617563
(542, 29, 236), (739, 650, 466): 690.9052033383451
(941, 993, 340), (425, 690, 689): 692.7236101072347
(162, 817, 812), (216, 146, 977): 693.0959529531247
(162, 817, 812), (739, 650, 466): 693.2055972076394
(592, 479, 940), (352, 342, 300): 697.1147681694887
(592, 479, 940), (117, 168, 530): 700.31849897029
(805, 96, 715), (425, 690, 689): 705.628797598284
(352, 342, 300), (970, 615, 88): 708.0939203241333
(162, 817, 812), (117, 168, 530): 709.0486584149215
(592, 479, 940), (346, 949, 466): 711.4014337910769
(431, 825, 988), (216, 146, 977): 712.3110275715237
(466, 668, 158), (117, 168, 530): 714.2723570179655
(117, 168, 530), (805, 96, 715): 716.0677342263091
(352, 342, 300), (216, 146, 977): 717.8028977372549
(162, 817, 812), (352, 342, 300): 723.7879523727927
(57, 618, 57), (425, 690, 689): 734.8686957545546
(466, 668, 158), (862, 61, 35): 735.1149569965231
(162, 817, 812), (466, 668, 158): 736.432617419951
(739, 650, 466), (52, 470, 668): 738.3583140995976
(739, 650, 466), (862, 61, 35): 740.1425538367592
(542, 29, 236), (970, 615, 88): 740.597056434874
(57, 618, 57), (542, 29, 236): 783.7008357785514
(162, 817, 812), (57, 618, 57): 787.814064357828
(542, 29, 236), (52, 470, 668): 788.1655917381829
(739, 650, 466), (117, 168, 530): 789.4960417886844
(906, 360, 560), (431, 825, 988): 790.5909182377445
(57, 618, 57), (739, 650, 466): 795.8825290204579
(466, 668, 158), (984, 92, 344): 796.6781031257229
(346, 949, 466), (970, 615, 88): 802.3814554188051
(542, 29, 236), (425, 690, 689): 809.8265246335168
(592, 479, 940), (984, 92, 344): 811.5719315008374
(906, 360, 560), (117, 168, 530): 812.5792269065214
(592, 479, 940), (466, 668, 158): 814.3224177191735
(970, 615, 88), (425, 690, 689): 814.770519839789
(117, 168, 530), (346, 949, 466): 816.393287576521
(542, 29, 236), (216, 146, 977): 817.9523213488669
(906, 360, 560), (346, 949, 466): 818.142408141761
(805, 96, 715), (970, 615, 88): 830.4908187331152
(819, 987, 18), (425, 690, 689): 832.8781423473664
(906, 360, 560), (819, 987, 18): 833.3438666000968
(906, 360, 560), (216, 146, 977): 834.1372788696115
(592, 479, 940), (542, 29, 236): 837.0280759926754
(431, 825, 988), (941, 993, 340): 841.5628318788799
(52, 470, 668), (805, 96, 715): 842.0771936111321
(352, 342, 300), (431, 825, 988): 844.3186602225489
(352, 342, 300), (819, 987, 18): 844.7709748801742
(466, 668, 158), (431, 825, 988): 845.4430791011303
(57, 618, 57), (819, 987, 18): 847.5411494434945
(431, 825, 988), (117, 168, 530): 860.2377578321008
(431, 825, 988), (805, 96, 715): 863.6237606735933
(592, 479, 940), (941, 993, 340): 863.711178577654
(466, 668, 158), (805, 96, 715): 867.3834215616529
(906, 360, 560), (52, 470, 668): 867.801820694103
(352, 342, 300), (941, 993, 340): 878.8185250664667
(739, 650, 466), (216, 146, 977): 888.0686910369039
(984, 92, 344), (425, 690, 689): 888.3186365263311
(117, 168, 530), (984, 92, 344): 889.9780896179411
(117, 168, 530), (862, 61, 35): 900.8323928456392
(941, 993, 340), (984, 92, 344): 902.034367416231
(162, 817, 812), (906, 360, 560): 908.7843528582565
(57, 618, 57), (970, 615, 88): 913.5310613219455
(819, 987, 18), (862, 61, 35): 927.1537089393538
(162, 817, 812), (941, 993, 340): 927.6858304404568
(592, 479, 940), (970, 615, 88): 941.9575361978904
(216, 146, 977), (346, 949, 466): 960.640411392317
(819, 987, 18), (984, 92, 344): 966.7088496543311
(542, 29, 236), (346, 949, 466): 968.3573720481504
(162, 817, 812), (805, 96, 715): 970.9268767523124
(57, 618, 57), (862, 61, 35): 979.1618865131546
(805, 96, 715), (941, 993, 340): 981.6975094192711
(941, 993, 340), (862, 61, 35): 983.8140068122633
(216, 146, 977), (984, 92, 344): 996.7090849390307
(805, 96, 715), (346, 949, 466): 1000.1454894164149
(57, 618, 57), (941, 993, 340): 1001.0844120252797
(466, 668, 158), (216, 146, 977): 1002.8683861803602
(862, 61, 35), (425, 690, 689): 1007.1375278481088
(57, 618, 57), (906, 360, 560): 1019.9872548223335
(542, 29, 236), (819, 987, 18): 1020.7923393129477
(57, 618, 57), (431, 825, 988): 1024.444239575781
(592, 479, 940), (862, 61, 35): 1032.7870061150072
(57, 618, 57), (592, 479, 940): 1041.746130302388
(162, 817, 812), (819, 987, 18): 1044.5022738127477
(57, 618, 57), (216, 146, 977): 1046.1668127024486
(162, 817, 812), (542, 29, 236): 1047.4349621814235
(542, 29, 236), (941, 993, 340): 1048.4812826178634
(52, 470, 668), (984, 92, 344): 1056.6380648074344
(431, 825, 988), (819, 987, 18): 1057.2076428024914
(117, 168, 530), (970, 615, 88): 1059.614080691645
(431, 825, 988), (970, 615, 88): 1069.869618224576
(346, 949, 466), (984, 92, 344): 1075.3497105593137
(592, 479, 940), (819, 987, 18): 1076.8830020016103
(52, 470, 668), (941, 993, 340): 1082.328046388894
(52, 470, 668), (970, 615, 88): 1095.5131217835776
(542, 29, 236), (431, 825, 988): 1100.6548051046705
(162, 817, 812), (970, 615, 88): 1103.5596948058587
(57, 618, 57), (984, 92, 344): 1103.7998006885125
(52, 470, 668), (862, 61, 35): 1106.376970114617
(346, 949, 466), (862, 61, 35): 1113.8047405178343
(431, 825, 988), (984, 92, 344): 1121.531987952194
(57, 618, 57), (805, 96, 715): 1124.700849114999
(52, 470, 668), (819, 987, 18): 1130.5211187766463
(819, 987, 18), (805, 96, 715): 1131.3204674184942
(216, 146, 977), (862, 61, 35): 1145.384215012587
(117, 168, 530), (941, 993, 340): 1181.3979007938012
(162, 817, 812), (984, 92, 344): 1191.7772442868675
(819, 987, 18), (117, 168, 530): 1194.0305691229182
(216, 146, 977), (970, 615, 88): 1256.502288099787
(216, 146, 977), (941, 993, 340): 1284.057241714714
(162, 817, 812), (862, 61, 35): 1290.4514713851117
(431, 825, 988), (862, 61, 35): 1295.2474667027918
(216, 146, 977), (819, 987, 18): 1410.8759690348404
